-250	2.1453194893774935E-4
-249	2.152548879235857E-4
-248	2.1598911849088055E-4
-247	2.167459322210923E-4
-246	2.1753662069567956E-4
-245	2.1837247549610073E-4
-244	2.1926478820381436E-4
-243	2.2022485040027885E-4
-242	2.2126395366695278E-4
-241	2.223933895852946E-4
-240	2.2362444973676274E-4
-239	2.2496842570281572E-4
-238	2.2643660906491208E-4
-237	2.280402914045103E-4
-236	2.2979076430306873E-4
-235	2.31699319342046E-4
-234	2.337772481029006E-4
-233	2.360358421670909E-4
-232	2.3848639311607544E-4
-231	2.4114019253131268E-4
-230	2.440085319942612E-4
-229	2.4710270308637945E-4
-228	2.504339973891258E-4
-227	2.5401370648395883E-4
-226	2.5785312195233717E-4
-225	2.6196353537571906E-4
-224	2.6635623833556296E-4
-223	2.710425224133276E-4
-222	2.760336791904713E-4
-221	2.8134100024845263E-4
-220	2.8697577716872995E-4
-219	2.929493015327619E-4
-218	2.9927286492200685E-4
-217	3.059577589179232E-4
-216	3.130152751019698E-4
-215	3.2045670505560477E-4
-214	3.282933403602868E-4
-213	3.3653647259747414E-4
-212	3.4519739334862553E-4
-211	3.542873941951994E-4
-210	3.6381776671865406E-4
-209	3.737998025004482E-4
-208	3.842447931220402E-4
-207	3.9516403016488875E-4
-206	4.0656880521045186E-4
-205	4.184704098401885E-4
-204	4.3087821722982814E-4
-203	4.4379392693218514E-4
-202	4.5721732009434523E-4
-201	4.7114817786339373E-4
-200	4.8558628138641643E-4
-199	5.005314118104988E-4
-198	5.159833502827266E-4
-197	5.319418779501851E-4
-196	5.484067759599599E-4
-195	5.653778254591369E-4
-194	5.828548075948015E-4
-193	6.008375035140394E-4
-192	6.193256943639358E-4
-191	6.383191612915764E-4
-190	6.578176854440472E-4
-189	6.778210479684333E-4
-188	6.983290300118204E-4
-187	7.193414127212942E-4
-186	7.4085797724394E-4
-185	7.628785047268438E-4
-184	7.854027763170908E-4
-183	8.084305731617667E-4
-182	8.319616764079573E-4
-181	8.559958672027479E-4
-180	8.80532926693224E-4
-179	9.055726360264715E-4
-178	9.311147763495754E-4
-177	9.57159128809622E-4
-176	9.837054745536963E-4
-175	0.0010107535947288845
-174	0.0010383052420264377
-173	0.0010663700553142743
-172	0.0010949596450044764
-171	0.001124085621509129
-170	0.0011537595952403152
-169	0.0011839931766101186
-168	0.0012147979760306227
-167	0.0012461856039139116
-166	0.0012781676706720686
-165	0.0013107557867171776
-164	0.0013439615624613215
-163	0.0013777966083165852
-162	0.001412272534695051
-161	0.0014474009520088038
-160	0.001483193470669926
-159	0.001519661701090502
-158	0.0015568172536826151
-157	0.0015946717388583497
-156	0.0016332367670297881
-155	0.0016725239486090147
-154	0.0017125448940081137
-153	0.0017533112136391678
-152	0.0017948345179142613
-151	0.0018371264172454772
-150	0.001880198522044899
-149	0.0019240624427246116
-148	0.001968729789696697
-147	0.0020142121733732407
-146	0.002060521204166324
-145	0.0021076684924880326
-144	0.00215566144256165
-143	0.002204490633855266
-142	0.00225414243964817
-141	0.0023046032332196516
-140	0.0023558593878490013
-139	0.002407897276815508
-138	0.0024607032733984626
-137	0.002514263750877155
-136	0.002568565082530874
-135	0.002623593641638911
-134	0.002679335801480555
-133	0.0027357779353350967
-132	0.002792906416481825
-131	0.00285070761820003
-130	0.0029091679137690026
-129	0.002968273676468031
-128	0.003028011279576406
-127	0.0030883670963734186
-126	0.003149327500138357
-125	0.003210878864150512
-124	0.0032730075616891736
-123	0.0033356999660336304
-122	0.0033989424504631744
-121	0.003462721388257094
-120	0.0035270231526946796
-119	0.0035918341170552213
-118	0.0036571406546180084
-117	0.0037229291386623306
-116	0.003789185942467479
-115	0.003855897439312743
-114	0.003923043602622363
-113	0.003990578806400385
-112	0.004058451024795804
-111	0.0041266082319576175
-110	0.00419499840203482
-109	0.0042635695091764085
-108	0.004332269527531378
-107	0.004401046431248725
-106	0.004469848194477447
-105	0.004538622791366541
-104	0.004607318196064999
-103	0.0046758823827218205
-102	0.004744263325486001
-101	0.004812408998506535
-100	0.004880267375932421
-99	0.004947786431912652
-98	0.005014914140596227
-97	0.00508159847613214
-96	0.005147787412669388
-95	0.005213428924356968
-94	0.0052784709853438755
-93	0.005342861569779106
-92	0.005406548651811655
-91	0.00546948020559052
-90	0.0055316042052646975
-89	0.0055928686249831815
-88	0.00565322143889497
-87	0.005712610621149058
-86	0.005770984145894442
-85	0.005828289987280117
-84	0.005884484079524634
-83	0.0059395541971247485
-82	0.005993496074646772
-81	0.006046305446657014
-80	0.006097978047721785
-79	0.006148509612407397
-78	0.0061978958752801575
-77	0.0062461325709063775
-76	0.006293215433852369
-75	0.0063391401986844405
-74	0.006383902599968901
-73	0.006427498372272066
-72	0.00646992325016024
-71	0.0065111729681997365
-70	0.006551243260956864
-69	0.006590129862997933
-68	0.006627828508889254
-67	0.006664334933197137
-66	0.006699644870487895
-65	0.006733754055327833
-64	0.006766658222283267
-63	0.006798353105920504
-62	0.006828834440805855
-61	0.00685809796150563
-60	0.006886139402586138
-59	0.006912954498613692
-58	0.0069385389841546
-57	0.0069628885937751735
-56	0.006985999062041721
-55	0.0070078661235205555
-54	0.007028467255690983
-53	0.007047706907684303
-52	0.007065471271544807
-51	0.007081646539316792
-50	0.007096118903044555
-49	0.00710877455477239
-48	0.007119499686544591
-47	0.007128180490405454
-46	0.007134703158399274
-45	0.007138953882570347
-44	0.007140818854962967
-43	0.00714018426762143
-42	0.007136936312590032
-41	0.007130961181913066
-40	0.007122145067634828
-39	0.007110374161799614
-38	0.007095534656451718
-37	0.007077512743635436
-36	0.007056194615395063
-35	0.0070314664637748945
-34	0.0070032144808192245
-33	0.0069713248585723505
-32	0.006935683789078565
-31	0.006896177464382165
-30	0.006852692076527444
-29	0.0068051138175586985
-28	0.006753328879520223
-27	0.006697223454456314
-26	0.006636683734411266
-25	0.006571595911429373
-24	0.006501901865600835
-23	0.006427766229199461
-22	0.006349409322544967
-21	0.006267051465957067
-20	0.006180912979755476
-19	0.006091214184259908
-18	0.005998175399790077
-17	0.005902016946665696
-16	0.005802959145206481
-15	0.005701222315732148
-14	0.005597026778562408
-13	0.005490592854016977
-12	0.005382140862415569
-11	0.005271891124077898
-10	0.00516006395932368
-9	0.005046879688472627
-8	0.004932558631844455
-7	0.004817321109758877
-6	0.004701387442535608
-5	0.0045849779504943625
-4	0.004468312953954856
-3	0.0043516127732368005
-2	0.004235097728659913
-1	0.004118988140543906
0	0.004003504329208493
1	0.0038888666149733894
2	0.00377529531815831
3	0.0036630107590829688
4	0.00355223325806708
5	0.003443183135430358
6	0.003336044668723669
7	0.0032308579644224874
8	0.003127627086233437
9	0.0030263560978631447
10	0.0029270490630182357
11	0.002829710045405335
12	0.002734343108731069
13	0.0026409523167020615
14	0.0025495417330249396
15	0.002460115421406328
16	0.0023726774455528534
17	0.0022872318691711394
18	0.002203782755967813
19	0.0021223341696494998
20	0.002042890173922824
21	0.0019654548324944117
22	0.0018900322090708885
23	0.00181662636735888
24	0.0017452413710650112
25	0.001675881283895908
26	0.001608550169558196
27	0.0015432520917585007
28	0.0014799911142034472
29	0.0014187713005996614
30	0.001359596714653768
31	0.0013024714200723937
32	0.0012473994805621634
33	0.0011943849598297022
34	0.001143431921581636
35	0.0010945444295245902
36	0.0010477178032926953
37	0.0010029123862301005
38	9.600797776084589E-4
39	9.191715766994251E-4
40	8.801393827746526E-4
41	8.429347951057955E-4
42	8.075094129645075E-4
43	7.738148356224423E-4
44	7.418026623512542E-4
45	7.114244924225969E-4
46	6.826319251081241E-4
47	6.5537655967949E-4
48	6.296099954083481E-4
49	6.052838315663525E-4
50	5.823496674251568E-4
51	5.607591022564153E-4
52	5.404637353317815E-4
53	5.214151659229095E-4
54	5.035649933014529E-4
55	4.8686481673906575E-4
56	4.7126623550740196E-4
57	4.567208488781154E-4
58	4.431802561228598E-4
59	4.30596056513289E-4
60	4.189198493210571E-4
61	4.081032338178178E-4
62	3.9809780927522494E-4
63	3.888551749649324E-4
64	3.803269301585942E-4
65	3.7246467412786397E-4
66	3.6522384180415175E-4
67	3.585752107578902E-4
68	3.524933942192684E-4
69	3.4695300541847507E-4
70	3.4192865758569924E-4
71	3.3739496395112967E-4
72	3.3332653774495517E-4
73	3.296979921973647E-4
74	3.2648394053854714E-4
75	3.2365899599869134E-4
76	3.2119777180798613E-4
77	3.190748811966203E-4
78	3.1726493739478293E-4
79	3.1574255363266265E-4
80	3.1448234314044844E-4
81	3.1345891914832914E-4
82	3.126468948864936E-4
83	3.120208835851308E-4
84	3.115554984744293E-4
85	3.112253527845783E-4
86	3.1100505974576654E-4
87	3.1086923258818284E-4
88	3.1079248454201605E-4
89	3.1074942883745516E-4
90	3.1071467870468893E-4
91	3.1066284737390625E-4
92	3.105685480752959E-4
93	3.104063940390469E-4
94	3.1015099849534807E-4
95	3.097769746743882E-4
96	3.092643687909541E-4
97	3.086149589982245E-4
98	3.078359564339763E-4
99	3.069345722359859E-4
100	3.059180175420301E-4
101	3.047935034898855E-4
102	3.0356824121732887E-4
103	3.022494418621368E-4
104	3.008443165620861E-4
105	2.993600764549533E-4
106	2.9780393267851517E-4
107	2.9618309637054847E-4
108	2.945047786688296E-4
109	2.9277619071113554E-4
110	2.910045436352428E-4
111	2.8919704857892814E-4
112	2.8736091667996817E-4
113	2.8550335907613953E-4
114	2.83631586905219E-4
115	2.817528113049833E-4
116	2.7987424341320897E-4
117	2.780030943676727E-4
118	2.7614657530615136E-4
119	2.7431189736642136E-4
120	2.725062716862596E-4
121	2.707369094034427E-4
122	2.6901102165574717E-4
123	2.6733581958095E-4
124	2.6571851431682754E-4
125	2.641663170011567E-4
126	2.6268485293332744E-4
127	2.612734040591833E-4
128	2.5992966648618145E-4
129	2.586513363217787E-4
130	2.574361096734321E-4
131	2.5628168264859853E-4
132	2.551857513547352E-4
133	2.5414601189929884E-4
134	2.5316016038974656E-4
135	2.5222589293353524E-4
136	2.5134090563812197E-4
137	2.5050289461096365E-4
138	2.4970955595951733E-4
139	2.4895858579123987E-4
140	2.4824768021358836E-4
141	2.475745353340198E-4
142	2.4693684725999107E-4
143	2.463323120989591E-4
144	2.45758625958381E-4
145	2.452134849457137E-4
146	2.446945851684142E-4
147	2.441996227339394E-4
148	2.4372629374974647E-4
149	2.4327229432329214E-4
150	2.4283532056203352E-4
151	2.4241306857342756E-4
152	2.4200323446493127E-4
153	2.4160351434400154E-4
154	2.4121160431809548E-4
155	2.4082520049466992E-4
156	2.4044231832542033E-4
157	2.4006225063899538E-4
158	2.3968460960828208E-4
159	2.3930900740616758E-4
160	2.389350562055389E-4
161	2.3856236817928317E-4
162	2.3819055550028742E-4
163	2.378192303414387E-4
164	2.3744800487562412E-4
165	2.3707649127573078E-4
166	2.367043017146457E-4
167	2.3633104836525597E-4
168	2.3595634340044865E-4
169	2.3557979899311085E-4
170	2.3520102731612954E-4
171	2.3481964054239196E-4
172	2.3443525084478504E-4
173	2.3404747039619593E-4
174	2.3365591136951164E-4
175	2.3326018593761925E-4
176	2.328599062734059E-4
177	2.3245468454975861E-4
178	2.320441329395645E-4
179	2.3162786361571058E-4
180	2.3120548875108394E-4
181	2.3077662051857164E-4
182	2.303408710910608E-4
183	2.298978526414384E-4
184	2.2944717734259162E-4
185	2.289884573674075E-4
186	2.2852139114842897E-4
187	2.2804602215682244E-4
188	2.2756248012341024E-4
189	2.270708947790147E-4
190	2.265713958544582E-4
191	2.260641130805629E-4
192	2.2554917618815122E-4
193	2.250267149080454E-4
194	2.2449685897106786E-4
195	2.239597381080408E-4
196	2.234154820497866E-4
197	2.2286422052712754E-4
198	2.2230608327088595E-4
199	2.217412000118841E-4
200	2.2116970048094436E-4
201	2.2059171440888905E-4
202	2.2000737152654044E-4
203	2.1941680156472082E-4
204	2.1882013425425254E-4
205	2.1821749932595793E-4
206	2.1760902651065926E-4
207	2.1699484553917882E-4
208	2.1637508614233904E-4
209	2.157498780509621E-4
210	2.1511935099587041E-4
211	2.1448363470788622E-4
212	2.1384285891783188E-4
213	2.1319715335652964E-4
214	2.125466477548019E-4
215	2.1189147184347087E-4
216	2.1123175535335897E-4
217	2.1056762801528845E-4
218	2.098992195600816E-4
219	2.092266597185608E-4
220	2.085500782215483E-4
221	2.0786960479986648E-4
222	2.071853691843376E-4
223	2.0649750110578397E-4
224	2.0580613029502791E-4
225	2.0511138648289176E-4
226	2.0441339940019778E-4
227	2.0371229877776833E-4
228	2.0300821434642566E-4
229	2.023012758369922E-4
230	2.0159161298029013E-4
231	2.0087935550714187E-4
232	2.0016463314836963E-4
233	1.9944757563479577E-4
234	1.9872831269724265E-4
235	1.980069740665325E-4
236	1.972836894734877E-4
237	1.9655858864893051E-4
238	1.9583180132368323E-4
239	1.9510345722856829E-4
240	1.9437368609440787E-4
241	1.9364261765202433E-4
242	1.9291038163224E-4
243	1.9217710776587714E-4
244	1.914429257837581E-4
245	1.907079654167052E-4
246	1.8997235639554077E-4
247	1.8923622845108706E-4
248	1.8849971131416638E-4
249	1.8776293471560115E-4
250	1.8702602838621354E-4
